0000|11|0000000000110|0000000000000 h
0000|11|0000000000001|0000000000011
0000|01|0000000000000|0000000000011

0000|11|0000001101111|0000000000000 h
0000|11|0000000000010|0000000000011
0000|01|0000000000000|0000000000011

0000|11|0000001100110|0000000000000 m
0000|11|0000000000011|0000000000011
0000|01|0000000000000|0000000000011

0000|11|0000001111111|0000000000000 m
0000|11|0000000000100|0000000000011
0000|01|0000000000000|0000000000011

0000|11|0000001101101|0000000000000 s
0000|11|0000000000101|0000000000011
0000|01|0000000000000|0000000000011

0000|11|0000001111101|0000000000000 s
0000|11|0000000000110|0000000000011
0000|01|0000000000000|0000000000011

0000|11|0000000000110|0000000000000 j
0000|11|0000000000111|0000000000011
0000|01|0000000000000|0000000000011

0000|11|0000001101101|0000000000000 j
0000|11|0000000001000|0000000000011
0000|01|0000000000000|0000000000011

0000|11|0000000111111|0000000000000 m
0000|11|0000000001001|0000000000011
0000|01|0000000000000|0000000000011

0000|11|0000000000110|0000000000000 m
0000|11|0000000001010|0000000000011
0000|01|0000000000000|0000000000011

0000|11|0000001011011|0000000000000 a
0000|11|0000000001011|0000000000011
0000|01|0000000000000|0000000000011

0000|11|0000000111111|0000000000000 a
0000|11|0000000001100|0000000000011
0000|01|0000000000000|0000000000011

0000|11|0000001011011|0000000000000 a
0000|11|0000000001101|0000000000011
0000|01|0000000000000|0000000000011

0000|11|0000001011011|0000000000000 a
0000|11|0000000001110|0000000000011
0000|01|0000000000000|0000000000011

0000|11|0000000000001|0000000001110
